,Susceptible,Infected,Recovered,Step
0,80,20,0,0
1,78,17,5,1
2,74,16,10,2
3,74,12,14,3
4,70,15,15,4
5,64,21,15,5
6,61,19,20,6
7,58,21,21,7
8,56,18,26,8
9,55,16,29,9
10,53,12,35,10
11,52,12,36,11
12,51,10,39,12
13,49,9,42,13
14,47,11,42,14
15,46,8,46,15
