,Susceptible,Infected,Recovered,Step
0,60,40,0,0
1,57,38,5,1
2,52,39,9,2
3,49,36,15,3
4,47,30,23,4
5,43,34,23,5
6,42,33,25,6
7,37,35,28,7
8,34,28,38,8
9,27,32,41,9
10,25,27,48,10
11,24,28,48,11
12,20,27,53,12
13,19,28,53,13
14,19,29,52,14
15,18,25,57,15
