,Susceptible,Infected,Recovered,Step
0,70,30,0,0
1,66,31,3,1
2,62,30,8,2
3,55,34,11,3
4,52,34,14,4
5,51,35,14,5
6,49,30,21,6
7,44,34,22,7
8,41,35,24,8
9,40,35,25,9
10,38,33,29,10
11,36,35,29,11
12,33,30,37,12
13,32,25,43,13
14,30,24,46,14
15,27,24,49,15
